   0    0.333511519017940
   1    0.250214111152974
   2    0.250212750427824
   3    0.250204501451959
   4    0.250098956736027
   5    0.250290797862471
   6    0.250166466775970
   7    0.250113426538294
   8    0.250176826135158
   9    0.250096012906127
  10    0.250106905382027
  11    0.250184021650531
  12    0.250115581235775
  13    0.250134296530763
  14    0.250162462103115
  15    0.250218737587407
  16    0.250084664266856
  17    0.250080595307513
  18    0.250172728371578
  19    0.250092782692733
  20    0.250133807379198
  21    0.250301481810512
  22    0.250091444871383
  23    0.250066737679751
  24    0.250100379281680
  25    0.250298289412456
  26    0.250251935865445
  27    0.250084369121794
  28    0.250131959847596
  29    0.250242219855202
  30    0.250194544419973
  31    0.250233375229708
  32    0.250260517498593
  33    0.250067725715603
  34    0.250145422467911
  35    0.250161281170804
  36    0.250206567975027
  37    0.250062096532794
  38    0.250287652765616
  39    0.250203174284189
  40    0.250215559099330
  41    0.250048499388584
  42    0.250300547002665
  43    0.250116854786093
  44    0.250373873003990
  45    0.250279779133727
  46    0.250170367190395
  47    0.250106438965390
  48    0.250056037314135
  49    0.250273073264947
  50    0.250199218065897
  51    0.250185203956826
  52    0.250212879585729
  53    0.250299254316218
  54    0.250083868689955
  55    0.250166941374694
  56    0.250189248796863
  57    0.250202499783615
  58    0.250245365128787
  59    0.250235536515072
  60    0.250056430030547
  61    0.250219272115741
  62    0.250097637286956
  63    0.250288004030917
  64    0.250168323860564
  65    0.250335912168038
  66    0.250188535806597
  67    0.250082749418525
  68    0.250169839827567
  69    0.250266110254707
  70    0.250221672651178
  71    0.250165788995854
  72    0.250247942096762
  73    0.250284035278596
  74    0.250280102075851
  75    0.250184801869125
  76    0.250260474516062
  77    0.250314880900419
  78    0.250181247423224
  79    0.250023619284396
  80    0.250174656340043
  81    0.250197727319852
  82    0.250195425185587
  83    0.250226325165338
  84    0.250268561238739
  85    0.250234827628667
  86    0.250198766685661
  87    0.250173580384201
  88    0.250290674478052
  89    0.250113514945462
  90    0.250174766670827
  91    0.250206421498429
  92    0.250015151866869
  93    0.250021495607806
  94    0.250232502828769
  95    0.250123897735554
  96    0.250232600068835
  97    0.250172540103593
  98    0.250080200999783
  99    0.250264399195185
