   0    0.333361097844282
   1    0.249929183095474
   2    0.250072132150350
   3    0.250071275074933
   4    0.249899243976795
   5    0.250009975354374
   6    0.250109172476154
   7    0.249920727962867
   8    0.250164332577525
   9    0.249939772467597
  10    0.249933562921849
  11    0.250014468091634
  12    0.250098417141063
  13    0.249972523253507
  14    0.250148663458429
  15    0.250192738161466
  16    0.250090055391841
  17    0.250157242014872
  18    0.249995533943076
  19    0.250074472597059
  20    0.249931269082234
  21    0.250148689220608
  22    0.250094489835611
  23    0.250068052320363
  24    0.250163084561029
  25    0.250033263509863
  26    0.249982388286232
  27    0.250017612304673
  28    0.249928603542947
  29    0.249947093169701
  30    0.250057357661489
  31    0.249937459330093
  32    0.249888029441926
  33    0.250120055417892
  34    0.250138190259948
  35    0.250031855474799
  36    0.250078462196472
  37    0.250031863155666
  38    0.250092622097779
  39    0.249888139373519
  40    0.250033914892342
  41    0.249951335024434
  42    0.250002197313065
  43    0.250014854075705
  44    0.249923629105941
  45    0.250062688050150
  46    0.250014209152096
  47    0.250016521733479
  48    0.250032872088144
  49    0.250025368918815
  50    0.250012581014472
  51    0.250050141637098
  52    0.250171930907164
  53    0.250123206501417
  54    0.250078952816134
  55    0.250103631797949
  56    0.250075784056162
  57    0.250051598971577
  58    0.250025727070124
  59    0.249965109946857
  60    0.250166616978979
  61    0.249977278347271
  62    0.250018444662580
  63    0.250147530461159
  64    0.250113706111189
  65    0.250235950860847
  66    0.250047233943519
  67    0.250066003779193
  68    0.249850142760712
  69    0.249860753650076
  70    0.250034177609362
  71    0.249929903256911
  72    0.250009641702746
  73    0.250046127960397
  74    0.249975539790392
  75    0.250016529960540
  76    0.250069252069350
  77    0.249869338756418
  78    0.249938052620649
  79    0.250109566294152
  80    0.250067083259776
  81    0.249993428130749
  82    0.250006861948894
  83    0.249968696449462
  84    0.250281719426028
  85    0.249828775876951
  86    0.249902980989926
  87    0.250195836160552
  88    0.249906023323532
  89    0.250051180402332
  90    0.250215619527520
  91    0.250014303242496
  92    0.250032980912044
  93    0.249968155611492
  94    0.250095979487691
  95    0.249948683828345
  96    0.250074280437211
  97    0.249988489811319
  98    0.249987228698804
  99    0.250028578432921
