   0    0.332818628091063
   1    0.249392215594032
   2    0.249548714603114
   3    0.249534432618719
   4    0.249498545451494
   5    0.249444520821560
   6    0.249275239200037
   7    0.249364695080591
   8    0.249344295793334
   9    0.249533315979242
  10    0.249377635940960
  11    0.249414338249154
  12    0.249520340858030
  13    0.249421795030370
  14    0.249381763439388
  15    0.249337789812452
  16    0.249424785587348
  17    0.249415041447164
  18    0.249446741830473
  19    0.249412083744843
  20    0.249508827432743
  21    0.249300752721638
  22    0.249338730273308
  23    0.249335746601614
  24    0.249369563320269
  25    0.249341449764636
  26    0.249425274288583
  27    0.249336860787393
  28    0.249446497362945
  29    0.249355949712722
  30    0.249337522606116
  31    0.249297490532718
  32    0.249367659468983
  33    0.249554194726106
  34    0.249377151132516
  35    0.249416689866838
  36    0.249443500503820
  37    0.249231634084008
  38    0.249340168411728
  39    0.249429606318940
  40    0.249338138189782
  41    0.249343186404109
  42    0.249329153426109
  43    0.249490998568298
  44    0.249383371914569
  45    0.249361826805927
  46    0.249441358416559
  47    0.249345812301639
  48    0.249372926699107
  49    0.249499595175517
  50    0.249482548620883
  51    0.249371055559574
  52    0.249485260521549
  53    0.249332050884754
  54    0.249433912998311
  55    0.249359622542503
  56    0.249291733905799
  57    0.249372290473948
  58    0.249320520315182
  59    0.249546067163508
  60    0.249465712720087
  61    0.249345603748199
  62    0.249484355842914
  63    0.249200821134513
  64    0.249413082284913
  65    0.249293802373740
  66    0.249390283432255
  67    0.249347773835680
  68    0.249295608851763
  69    0.249451930975594
  70    0.249493514071127
  71    0.249304110315112
  72    0.249272231806918
  73    0.249402975563760
  74    0.249467393004094
  75    0.249604861889442
  76    0.249216899615701
  77    0.249396933470339
  78    0.249434792203983
  79    0.249384052937525
  80    0.249387223663291
  81    0.249448284714060
  82    0.249173441106240
  83    0.249471695737297
  84    0.249290071794577
  85    0.249427247781216
  86    0.249438960294467
  87    0.249432881386719
  88    0.249325830603785
  89    0.249433220301642
  90    0.249371321427535
  91    0.249344496703309
  92    0.249377894062394
  93    0.249468820465577
  94    0.249497079952529
  95    0.249259159969484
  96    0.249453627295014
  97    0.249443597692005
  98    0.249309827052038
  99    0.249548901914297
