   0    0.333086923085931
   1    0.249869524323907
   2    0.249892308880023
   3    0.249918445989706
   4    0.249775454937243
   5    0.249829514564720
   6    0.249741170095119
   7    0.249805189834315
   8    0.249896187423298
   9    0.249808613729656
  10    0.249830060308962
  11    0.249882062823451
  12    0.249732781184848
  13    0.249735980730176
  14    0.249834701890886
  15    0.249864201043344
  16    0.249845553380329
  17    0.249884386129979
  18    0.249863382668892
  19    0.249883915113071
  20    0.249710905798430
  21    0.249821900800121
  22    0.249775716592472
  23    0.249982787958202
  24    0.249871169277111
  25    0.249662098898721
  26    0.249832671935383
  27    0.249987543136402
  28    0.249838783092862
  29    0.249671000274536
  30    0.249923049397468
  31    0.249885210936734
  32    0.249857019544615
  33    0.249784055580271
  34    0.249820006994826
  35    0.249808399614277
  36    0.249744073339514
  37    0.249824244966586
  38    0.249689878917299
  39    0.249701153757203
  40    0.249914020826963
  41    0.249753102699296
  42    0.249856503963234
  43    0.249818987551683
  44    0.249793107972866
  45    0.249859001593497
  46    0.249864769302239
  47    0.249809577768952
  48    0.249880525769011
  49    0.249883023566561
  50    0.249843538861395
  51    0.249883456057284
  52    0.249937085459504
  53    0.249824953097863
  54    0.250006640981890
  55    0.249802618884347
  56    0.249814124161185
  57    0.249868767399027
  58    0.249776972642404
  59    0.249777000478831
  60    0.249867229062156
  61    0.249875488376017
  62    0.249813094365030
  63    0.249913736336156
  64    0.249924233760044
  65    0.249843493975231
  66    0.249823786701373
  67    0.249918382952123
  68    0.249707018703586
  69    0.249797777674296
  70    0.249895219865686
  71    0.249813838449994
  72    0.249857481872569
  73    0.249798268784748
  74    0.249820737563013
  75    0.249826627796352
  76    0.249789927540766
  77    0.249818258486268
  78    0.249761246398345
  79    0.249924557929702
  80    0.249686496206196
  81    0.249901549455958
  82    0.249777090050821
  83    0.249704122992020
  84    0.249779982508741
  85    0.249847021142625
  86    0.249790352181823
  87    0.249853659440577
  88    0.249936840506578
  89    0.249694541976931
  90    0.249948761227984
  91    0.249854830138783
  92    0.249873701906912
  93    0.249948372745469
  94    0.249925594869760
  95    0.249835629792989
  96    0.249973994530461
  97    0.249913098266010
  98    0.249934096424065
  99    0.249769373657046
