   0    0.333306490621614
   1    0.249987067502437
   2    0.249915950958879
   3    0.249959562214567
   4    0.249817862332281
   5    0.250066910145135
   6    0.249962964112492
   7    0.249895611339274
   8    0.249935878395814
   9    0.249884771764203
  10    0.249853008070331
  11    0.249897015633213
  12    0.249930444329060
  13    0.250001060184655
  14    0.249931141478431
  15    0.249959859828020
  16    0.249782903624806
  17    0.249832553790857
  18    0.249969146722000
  19    0.249852841079943
  20    0.249943519476228
  21    0.249976961235544
  22    0.249939054220633
  23    0.250021775415370
  24    0.249856368897353
  25    0.249812032299241
  26    0.250006290808402
  27    0.249877464660891
  28    0.249896983719998
  29    0.249983371629865
  30    0.249964329045875
  31    0.249958203794078
  32    0.250027235978393
  33    0.249867145053529
  34    0.249961365445687
  35    0.250034899893575
  36    0.249925862289095
  37    0.249919786449391
  38    0.249975071433573
  39    0.249935852264811
  40    0.249769903898704
  41    0.249940426500853
  42    0.249851940632518
  43    0.249951280519376
  44    0.249897383900544
  45    0.249811594099481
  46    0.249928944747961
  47    0.250149599272916
  48    0.249912536020248
  49    0.249911971922975
  50    0.250015855637951
  51    0.249904629247082
  52    0.250054016585999
  53    0.249958479623641
  54    0.249713299422063
  55    0.249893488948834
  56    0.249989054409090
  57    0.249928978327353
  58    0.250023218066138
  59    0.250114155589358
  60    0.249887930249890
  61    0.249912496522239
  62    0.249978211580816
  63    0.250077915479349
  64    0.249981971728670
  65    0.249962442994628
  66    0.249881856574545
  67    0.249894639522440
  68    0.249938787075187
  69    0.249997007888839
  70    0.249776001828729
  71    0.249959201686523
  72    0.249920161473508
  73    0.249876374247934
  74    0.249762864316197
  75    0.249874599579823
  76    0.249915535028848
  77    0.250034439969715
  78    0.250037380854238
  79    0.249913595736905
  80    0.250004940251941
  81    0.249626891113374
  82    0.249752700086998
  83    0.249801066895434
  84    0.249995516887008
  85    0.250026793076527
  86    0.249942582079251
  87    0.249949912304223
  88    0.249847997993386
  89    0.249931906187184
  90    0.249962673634220
  91    0.249953060501242
  92    0.249907585153856
  93    0.249892248879948
  94    0.249914119849543
  95    0.249873964011326
  96    0.249863212209173
  97    0.249808876271082
  98    0.249866529648768
  99    0.249777456904592
