   0    0.333401952632706
   1    0.249804888834175
   2    0.249952444855561
   3    0.249934868689786
   4    0.249821520683911
   5    0.249917872756549
   6    0.249970498297896
   7    0.249956620565538
   8    0.249865851167146
   9    0.249967571602961
  10    0.249952492219934
  11    0.249907157108398
  12    0.249954724884796
  13    0.249825848266372
  14    0.249820353918143
  15    0.249889907984137
  16    0.249852215867738
  17    0.249831146722159
  18    0.249878084377321
  19    0.249784664952602
  20    0.249817556871496
  21    0.249826755393215
  22    0.249970123514336
  23    0.249880140216022
  24    0.249934566390180
  25    0.249923202716457
  26    0.249961248067384
  27    0.249708024173670
  28    0.249971512716935
  29    0.249893296417647
  30    0.250031155076277
  31    0.249853728455883
  32    0.249885287327752
  33    0.250027912481796
  34    0.249900095419627
  35    0.249998283051794
  36    0.249959785114311
  37    0.249907456443429
  38    0.249793235802865
  39    0.249792219881284
  40    0.249925512722877
  41    0.249976531678544
  42    0.249952552340392
  43    0.249817594603406
  44    0.249837604780080
  45    0.249828650055148
  46    0.249897046752458
  47    0.249853081518098
  48    0.249870502822292
  49    0.249798357442649
  50    0.249854192152995
  51    0.249914634360492
  52    0.250113984258163
  53    0.249713901072114
  54    0.249893261186043
  55    0.249868102621403
  56    0.249867364847266
  57    0.249678657970442
  58    0.249935543173727
  59    0.249867529135900
  60    0.250061069269308
  61    0.250035090037728
  62    0.249818196828491
  63    0.249831963138582
  64    0.249901962387775
  65    0.249821488907472
  66    0.250075793414388
  67    0.249986565854764
  68    0.249969618399443
  69    0.249877990621553
  70    0.249865041695498
  71    0.249731747337992
  72    0.249807644951220
  73    0.249870470949324
  74    0.249952034314169
  75    0.249753029599110
  76    0.249926405301401
  77    0.249884083806662
  78    0.249923556890205
  79    0.249725194027386
  80    0.249876680584612
  81    0.249935950708942
  82    0.250095172901874
  83    0.249959914325375
  84    0.249850292262846
  85    0.249908048889070
  86    0.250015444934808
  87    0.249911302078192
  88    0.249834729227518
  89    0.249968817264255
  90    0.249874526970799
  91    0.249904911110843
  92    0.249817497616067
  93    0.249917019471503
  94    0.249924214508055
  95    0.249798105501764
  96    0.249837681908668
  97    0.249730731111317
  98    0.249836901931783
  99    0.250085015462282
